TANGERANG-MERAK
---GT_BITUNG
CIKUPA 3.00 4.50 5.00 7.00 8.00
BALARAJA_TIMUR 6.00 8.00 9.50 12.50 15.00
BALARAJA_BARAT 7.50 10.00 12.00 16.00 19.00
CIUJUNG 19.00 26.50 31.50 41.50 50.00
SERANG_TIMUR 26.00 36.50 43.00 56.50 68.50
SERANG_BARAT 29.00 40.50 48.00 63.50 76.50
CILEGON_TIMUR 35.00 48.50 57.50 75.50 91.50
CILEGON_BARAT 39.50 54.50 64.50 85.00 102.50
MERAK 41.50 57.50 68.00 89.50 108.00
---GT_CIKUPA
BITUNG 3.00 4.50 5.00 7.00 8.00
---GT_BALARAJA_TIMUR
CIKUPA 6.00 8.00 9.50 12.50 15.00
BITUNG 6.00 8.00 9.50 12.50 15.00
---GT_BALARAJA_BARAT
CIKUPA 7.50 10.00 12.00 16.00 19.00
BITUNG 7.50 10.00 12.00 16.00 19.00
CIUJUNG 12.00 16.50 19.50 25.50 31.00
SERANG_TIMUR 19.00 26.00 31.00 41.00 49.00
SERANG_BARAT 22.00 30.50 36.00 47.50 57.00
CILEGON_TIMUR 27.50 38.00 45.00 59.50 71.50
CILEGON_BARAT 32.00 44.50 52.50 69.50 83.50
MERAK 34.00 47.00 56.00 73.50 88.50
---GT_CIUJUNG
CIKUPA 19.00 26.50 31.50 41.50 50.00
BITUNG 19.00 26.50 31.50 41.50 50.00
BALARAJA_BARAT 12.00 16.50 19.50 25.50 31.00
SERANG_TIMUR 7.00 9.50 11.50 15.00 18.00
SERANG_BARAT 10.00 14.00 16.50 22.00 26.00
CILEGON_TIMUR 15.50 21.50 25.50 34.00 41.00
CILEGON_BARAT 20.00 28.00 33.00 43.50 52.50
MERAK 22.00 30.50 36.50 48.00 57.50
---GT_SERANG_TIMUR
CIKUPA 34.000 36.50 43.00 56.50 68.50
BITUNG 34.000 36.50 43.00 56.50 68.50
BALARAJA_BARAT 19.00 26.00 31.00 41.00 49.00
CIUJUNG 7.00 9.50 11.50 15.00 18.00
SERANG_BARAT 3.00 4.50 5.00 6.50 8.00
CILEGON_TIMUR 8.50 12.00 14.00 18.50 22.50
CILEGON_BARAT 13.00 18.50 21.50 28.50 34.50
MERAK 26.00 36.50 43.00 56.50 68.50
---GT_SERANG_BARAT
CIKUPA 29.00 40.50 48.00 63.50 76.50
BITUNG 29.00 40.50 48.00 63.50 76.50
BALARAJA_BARAT 22.00 30.50 36.00 47.50 57.00
CIUJUNG 10.00 14.00 16.50 22.00 26.00
SERANG_TIMUR 3.00 4.50 5.00 6.50 8.00
CILEGON_TIMUR 5.50 7.50 9.00 12.00 14.50
CILEGON_BARAT 10.00 14.00 16.50 22.00 26.00
MERAK 12.00 16.50 20.00 26.00 31.50
---GT_CILEGON_TIMUR
CIKUPA 35.00 48.50 57.50 75.50 91.50
BITUNG 35.00 48.50 57.50 75.50 91.50
BALARAJA_BARAT 27.50 38.00 45.00 59.50 71.50
CIUJUNG 15.50 21.50 25.50 34.00 41.00
SERANG_TIMUR 9.50 12.00 14.00 18.50 22.50
SERANG_BARAT 5.50 7.50 9.00 12.00 14.50
CILEGON_BARAT 4.50 6.50 7.50 10.00 12.00
MERAK 6.50 9.00 10.50 14.00 17.00
---GT_CILEGON_BARAT
CIKUPA 39.50 54.50 64.50 85.00 102.50
BITUNG 39.50 54.50 64.50 85.00 102.50
BALARAJA_BARAT 32.00 44.50 52.50 69.50 83.50
CIUJUNG 20.00 28.00 33.00 43.50 52.50
SERANG_TIMUR 13.00 18.50 21.50 28.50 34.50
SERANG_BARAT 10.00 14.00 16.50 22.00 26.00
CILEGON_TIMUR 4.50 6.50 7.50 10.00 12.00
---GT_MERAK
CIKUPA 41.50 57.50 68.00 89.50 108.00
BITUNG 41.50 57.50 68.00 89.50 108.00
BALARAJA_BARAT 34.00 47.00 56.00 73.50 88.50
CIUJUNG 22.00 30.50 36.50 48.00 57.50
SERANG_TIMUR 15.00 21.00 25.00 33.00 39.50
SERANG_BARAT 12.00 16.50 20.00 26.00 31.50
CILEGON_TIMUR 6.50 9.00 10.50 14.00 17.00
###
